8
 0  1 -1  1 -1  1 -1  1
 2  6  2  2  2  2  2  2
 4 -2  2 -2  4 -2  4 -2
 9  9 -4 -1  9  9 -4 -2
-9 -9  3  3 -6 -9  3  3
 5  5  5  5 -7 -2 -3 -3
 7  5 -2 -2 -9 -1  5  0
 2  1  2  1 -9  1 -4  2

<= Matrixes for tests =>
5
27 18 28 18 28
45 90 45 23 53
60 28 74 71 35
26 62 49 77 57
24 70 93 69 99

6
31 41 59 26 53 58 
97 93 23 84 62 64
33 83 27 95 02 88
41 97 16 93 68 87
51 05 89 74 94 45
92 30 76 40 62 86

8
-1  1 -1  1 -1  1 -1  1
 2  2  2  2  2  2  2  2
 4 -2  4 -2  4 -2  4 -2
 9  9 -4 -2  9  9 -4 -2
-9 -9  3  3 -9 -9  3  3
 5  5  5  5 -9 -9 -3 -3
 2  1  2  1 -9  2 -3  2
 7  5 -2 -1 -9 -2  5  7

10
    4.86   -4.42   -3.12    0.68    5.75    2.38   -0.84   -3.99    4.63   -1.81
   -4.63   -3.36    1.16   -2.69   -4.12    5.66    0.16   -3.51    2.51   -2.33
   -0.07    2.70   -0.40   -4.25    0.41   -1.78   -0.98   -0.44   -4.10    1.97
   -0.94    4.91   -2.13    3.74   -2.78   -3.17    3.60    3.11   -2.70    1.11
    5.08    1.75    0.08    1.74    0.23    5.26   -2.45    4.66    1.36   -0.94
   -4.38    3.68   -1.93   -1.75    1.01    2.63    2.06    4.43    2.41    3.48
    3.11    1.28   -1.26   -2.09   -2.35    3.46   -0.70    4.33   -0.98   -1.30
   -0.01    3.78    0.89    1.92    5.59    5.53    3.87    1.66   -3.76    2.06
   -4.68   -3.49   -3.45   -3.40   -0.05   -3.61    3.14    5.67   -0.32   -2.61
   -3.88    5.47    2.98    4.83   -2.20    0.95   -4.52   -4.73    4.40    0.18 